Время выполнения кода: 449.597797870636 секунд.Epochs_number:6, Epochs_time:3
 W_array 
 f[[0.11075969 0.12919678 1.         0.11588496]
 [0.19468459 0.14575932 1.         0.18563984]
 [0.18306933 0.2692771  1.         0.17796363]
 [0.28136271 0.19757345 1.         0.21961097]
 [0.27792067 0.31199752 1.         0.22617273]
 [0.24304092 0.14572255 1.         0.28724898]
 [0.2621155  0.23946025 1.         0.26851912]
 [0.19544784 0.1799681  1.         0.23891782]
 [0.1474225  0.25940646 1.         0.16490672]
 [0.11984569 0.2173259  1.         0.22993359]
 [0.2223951  0.18120042 1.         0.26939659]
 [0.13406688 0.23390933 1.         0.15835449]
 [0.26518322 0.09458474 1.         0.13323899]
 [0.27454397 0.17566527 1.         0.17815649]
 [0.14378386 0.18924061 1.         0.23595246]
 [0.1120151  0.18416059 1.         0.16421738]
 [0.14251298 0.27107804 1.         0.15732373]
 [0.24419619 0.18368861 1.         0.18769767]
 [0.20593397 0.13335143 1.         0.07805662]
 [0.09151742 0.27261009 1.         0.18713035]
 [0.33789235 0.19146425 1.         0.16155033]
 [0.38361591 0.25692431 1.         0.2279003 ]
 [0.09683921 0.23901345 1.         0.12551634]
 [0.14986789 0.28045165 1.         0.24854815]
 [0.15426848 0.18401565 1.         0.13169675]
 [0.19893476 0.25872014 1.         0.23236869]
 [0.29085552 0.25124643 0.91351139 0.22522359]
 [0.09860765 0.14051187 1.         0.16793747]
 [0.266432   0.1624063  1.         0.17188417]
 [0.3324216  0.16704055 1.         0.21750682]
 [0.26547291 0.08982217 1.         0.2136403 ]
 [0.2534436  0.19513655 0.91351139 0.24827321]
 [0.06118728 0.40184276 1.         0.06917701]
 [0.18906477 0.11294619 1.         0.15765325]
 [0.2797328  0.24434981 1.         0.29279414]
 [0.21003032 0.12593197 1.         0.24664408]
 [0.06133604 0.23285669 1.         0.14464508]
 [0.20279061 0.14648617 0.91351139 0.24469723]
 [0.24440354 0.17684246 1.         0.20592736]
 [0.10820722 0.26040419 1.         0.24295501]
 [0.21749514 0.16938014 1.         0.20044723]
 [0.20404108 0.27525226 1.         0.10593627]
 [0.2610189  0.19480195 1.         0.17892869]
 [0.2143876  0.10376452 1.         0.19899612]
 [0.10493946 0.2183144  0.91351139 0.17969913]
 [0.28993443 0.33092969 1.         0.30910582]
 [0.31967777 0.01876558 1.         0.31334235]
 [0.29289352 0.25412637 1.         0.18408397]
 [0.28122705 0.29423237 1.         0.14425517]
 [0.22651166 0.21558761 1.         0.25418193]
 [0.14761457 0.22988875 1.         0.20469555]
 [0.23438053 0.13722071 1.         0.16113917]
 [0.19593597 0.16037397 1.         0.26470133]
 [0.29523856 0.22189248 0.91351139 0.12916066]
 [0.11340482 0.25127801 1.         0.15871578]
 [0.16822957 0.26468428 1.         0.19110895]
 [0.4070596  0.08522018 1.         0.20840857]
 [0.18897992 0.26198657 1.         0.19610593]
 [0.18084842 0.18269633 1.         0.21917213]
 [0.28699736 0.2189029  1.         0.27479123]
 [0.20835979 0.27634132 1.         0.15431843]
 [0.31551058 0.16174287 1.         0.15054563]
 [0.29633556 0.1673825  1.         0.20902909]
 [0.2363382  0.13044423 1.         0.29412046]
 [0.23664493 0.28754792 1.         0.25682301]
 [0.22309554 0.10689104 1.         0.26452299]
 [0.28024437 0.14254061 1.         0.21885663]
 [0.13884704 0.1806064  0.91351139 0.25429211]
 [0.09722029 0.23853576 1.         0.25600572]
 [0.23314834 0.16313178 1.         0.20495244]
 [0.24828355 0.03721525 1.         0.03260025]
 [0.17988577 0.28578839 1.         0.31841482]
 [0.3637091  0.10450576 1.         0.32354837]
 [0.22367618 0.39736153 1.         0.22977581]
 [0.25942855 0.26301779 1.         0.16970306]
 [0.20166603 0.21130153 1.         0.17547177]
 [0.13444686 0.12303359 1.         0.13030272]
 [0.25290387 0.24171142 1.         0.26812987]
 [0.13137718 0.23266121 1.         0.15437801]
 [0.14789142 0.15703729 1.         0.1793969 ]
 [0.28560051 0.22782364 1.         0.28272762]
 [0.17633413 0.30392688 1.         0.17575097]
 [0.18566469 0.25280667 0.91867795 0.25148889]
 [0.2729654  0.1474909  1.         0.25295821]
 [0.11502352 0.24677479 1.         0.2366858 ]
 [0.1956498  0.17690837 1.         0.17131645]
 [0.23792841 0.18202546 1.         0.24278848]
 [0.15475304 0.28316298 1.         0.28348879]
 [0.26616856 0.19369406 1.         0.21428713]
 [0.10827668 0.15070296 1.         0.15292554]
 [0.10564486 0.14089218 1.         0.26479715]
 [0.26013029 0.21623776 1.         0.26575191]
 [0.14615793 0.26652031 1.         0.27824934]
 [0.3073329  0.22904573 1.         0.28949091]
 [0.15084301 0.1358643  1.         0.18973804]
 [0.29741608 0.28160219 1.         0.21796102]
 [0.22797441 0.19379882 1.         0.20080795]
 [0.19560933 0.22887259 0.97028812 0.17790957]
 [0.13554784 0.14508841 1.         0.14605761]
 [0.17722357 0.22528443 1.         0.29964251]
 [0.25991698 0.19786991 1.         0.18545515]
 [0.29421934 0.14831897 1.         0.2659776 ]
 [0.24314514 0.23252175 0.91351139 0.20333859]
 [0.15640507 0.28202564 1.         0.12645997]
 [0.10221721 0.34573009 1.         0.12258215]
 [0.17991951 0.13436823 1.         0.17973546]
 [0.18210059 0.14918501 1.         0.2737499 ]
 [0.25513595 0.16171994 1.         0.12378259]
 [0.19207189 0.21296335 1.         0.10817026]
 [0.18545956 0.21163573 1.         0.20783505]
 [0.2612998  0.13018626 1.         0.17096724]
 [0.23156532 0.29977586 1.         0.22553815]
 [0.17920274 0.19509089 1.         0.14279452]
 [0.15693406 0.2950515  1.         0.10927686]
 [0.1740963  0.12932397 1.         0.13951336]
 [0.22002146 0.28121171 1.         0.15282851]
 [0.10059791 0.15010525 1.         0.13453372]
 [0.23164391 0.22292774 0.91351139 0.29423259]
 [0.24222326 0.10818495 1.         0.15460309]
 [0.20551486 0.29502241 1.         0.13629311]
 [0.14255475 0.15378572 1.         0.2276977 ]
 [0.1993733  0.2149051  1.         0.20056656]
 [0.2001796  0.10574829 1.         0.26093153]
 [0.15612636 0.22764227 1.         0.29880424]
 [0.18120141 0.26554031 1.         0.28087646]
 [0.15182877 0.23748221 1.         0.21369563]
 [0.13173933 0.26299866 1.         0.27494421]
 [0.13665642 0.15535497 1.         0.17844828]
 [0.13908832 0.28355391 1.         0.19873521]
 [0.18070017 0.21924272 1.         0.10430835]
 [0.23443241 0.25447286 1.         0.2084239 ]
 [0.29526698 0.18395352 1.         0.16483225]
 [0.28043871 0.20326047 1.         0.2264832 ]
 [0.23091408 0.20221747 1.         0.18231671]
 [0.19751513 0.18333961 1.         0.2974657 ]
 [0.21250535 0.1204378  1.         0.10764761]
 [0.25508402 0.26472506 1.         0.2160117 ]
 [0.1633688  0.21510915 0.91351139 0.28646332]
 [0.29301345 0.14082937 1.         0.22963962]
 [0.14344492 0.2929101  1.         0.28750035]
 [0.08769081 0.23041733 1.         0.25339135]
 [0.119288   0.29507501 1.         0.17725351]
 [0.37817894 0.26175859 1.         0.21719813]
 [0.11254749 0.17873463 1.         0.24539555]
 [0.15532682 0.14078311 1.         0.28668755]
 [0.12852579 0.30647153 1.         0.12327988]
 [0.25012287 0.14869741 1.         0.12831142]
 [0.26793584 0.2541295  1.         0.27516515]
 [0.17379922 0.16522579 1.         0.22598259]
 [0.27355814 0.26617789 1.         0.14713087]
 [0.16666201 0.1645526  1.         0.2436379 ]
 [0.10515631 0.19445455 1.         0.28991128]
 [0.18112335 0.17923831 1.         0.13131485]
 [0.20498155 0.11439636 1.         0.12602604]
 [0.27683024 0.06887286 1.         0.21313065]
 [0.2034773  0.12724193 1.         0.12491039]
 [0.2051153  0.10889756 1.         0.14933055]
 [0.16302657 0.25185088 1.         0.25321818]
 [0.26622924 0.21844213 1.         0.18671829]
 [0.16621699 0.2071264  0.91351139 0.14480988]
 [0.22723535 0.11252113 1.         0.18001295]
 [0.15136264 0.18118233 1.         0.11904172]
 [0.20893171 0.28461292 1.         0.12449175]
 [0.10392552 0.28752097 1.         0.20760334]
 [0.25446263 0.1461325  1.         0.10881196]
 [0.23331398 0.27876628 1.         0.24720633]
 [0.1122005  0.20606264 1.         0.26620021]
 [0.11452988 0.15819925 1.         0.11057475]
 [0.2313742  0.23205335 1.         0.20205449]]